1
1
-0.3
-1.47
-0.222
1.9503
0.37743
-1.907892
-0.5692677
1.32398613
1.217259978
-0.7482525957
-2.09591716317
0.557573306148
2.5332029763063
-0.41299510656447
-2.270211935411382
-0.284849048720261
1.813855029420052
1.503844335063899
-1.734315867964514
-2.495961689357519
1.824348645042067
2.721695197162804
-1.320921971046312
-2.554994045146764
-0.026746295309852
2.742314668139452
1.497740486669035
-3.285297273635806
-2.267211999018524
3.307960879142266
2.481849649542121
-2.199392730293348
-3.022820554500713
0.515063537655649
4.182942696576022
0.677224045130494
-5.068781540279115
-1.210584208237912
4.666692006377914
2.032811147249325
-3.207732694067529
-3.806735938004257
1.908067730383172
5.767529947020673
-1.314845689590112
-6.516084416638196
0.510672001891907
5.803836548227688
1.597790858701936
-4.85211715157803
-4.567757574706758
4.626049039611042
6.714616232442648
-4.367843118547606
-7.190315770183886
2.534063633510611
7.042300703456615
0.978327009209852
-7.655971122604015
-4.395117564288755
8.597407562738605
6.217578228517496
