1
1
-1
-1.2
0.98
1.418
-0.9362
-1.653420000000001
0.864478
1.905209800000001
-0.76040482
-2.171771262000001
0.6192681758
2.450875205780001
-0.436107472802
-2.739573473638201
0.20576087271838
3.034106908273859
0.077073730837168
-3.329810226017529
-0.417762126522637
3.621015035967018
0.821639842771603
-3.90095255528656
-1.293899082577419
4.161657902557475
1.839454781090909
-4.393878214704133
-2.462788080670413
4.586987228107505
3.167765611548205
-4.728909389763436
-3.95743311167937
4.806057017571843
4.833782124604491
-4.803284506868578
-5.797488787751798
4.703864078780256
6.847624074405004
-4.489488079217782
-7.981335289767284
4.140303358162833
9.193499154560296
-3.634983778523087
-10.476347447868635
2.950847411588533
11.819066933814351
-2.064025459365951
-13.207376173132381
0.949690387989308
14.623082829244552
0.417648856136217
-16.04362622655539
-2.063776364405378
17.44161121277039
4.014315122122955
-18.784340821835137
-6.294180716518765
20.033356832366774
8.92693447140732
-21.14399906846272
-11.934027825394324
22.06499619276956
15.333930227210713
