1
1
-1.6
1.129999999999999
-0.287
-1.2932
2.357329999999999
-0.837276999999999
-1.811736200000001
2.26821253
-0.683703306999999
-0.685394729200001
1.64687919673
-2.144111234536999
0.464551127607798
2.51388276614393
-2.845148086057965
0.095332824532872
1.964230401379026
-1.993707511977766
1.423528422339479
0.216331945300207
-2.952210023896337
3.124836170080762
0.566219772460884
-3.384067929198876
2.331886937719843
-0.188718498201921
-1.290754228028658
3.009640118278857
-2.857080949996001
-1.246895760079954
4.66558052612907
-2.614857712669613
-1.443014195150902
2.779810761412477
-2.645085823597589
1.80369409717413
1.938702929500588
-5.447604861119421
2.71461317928761
3.226901385416291
-4.577043895698987
1.913074825377032
0.177013515625012
-2.695091506413372
5.359775595292189
-2.400833930708086
-4.828053910310977
6.392874898657372
-0.94904340304199
-3.033534592928097
3.612987026692878
-4.128012256988793
1.358115121164959
5.90047369320695
-7.734651618844785
-0.086339417212656
6.441383278497989
-4.770411215894764
1.689298494375667
0.739959788625714
-6.192576846794354
7.951819427062465
