  9.1636    6.3339
  8.3872    1.6484
  8.9726    2.0461
  9.1139    2.1221
  9.3257    6.6875
  9.5614    7.2117
  9.7331    7.6212
  9.4714    6.9875
  9.2340    6.5062
  8.0898    4.3900
  9.9860    2.8360
  9.0256    2.1253
  9.9675    2.8027
  9.3573    6.7711
  9.4581    6.9379
  8.4625    1.7212
  9.7331    7.5985
  9.0896    2.1388
  8.6225    5.2937
  9.6500    7.3468
  9.2705    6.5665
  8.2873    1.6186
  8.1458    4.5004
  8.0042    4.2210
  9.4000    2.3313
  8.4675    5.0064
  8.3201    1.6337
  8.3051    1.6257
  8.2233    4.5435
  8.8664    1.9583
  9.1188    2.1667
  8.3349    1.6584
  8.2269    1.5746
  9.9261    2.8019
  8.8605    5.7385
  9.7031    7.5519
  8.6882    5.4394
  9.4729    7.0027
  8.9778    5.9570
  8.4113    1.6857
  9.0004    2.0675
  9.5196    7.0904
  9.8087    7.7759
  9.3792    6.8067
  8.2664    4.6655
  9.4220    2.3721
  9.7511    2.6341
  9.6882    7.4916
  8.6397    5.3186
  8.6860    1.8783
  8.2679    1.6014
  9.9753    8.1982
  9.2848    6.5882
  8.4070    4.9732
  8.6542    1.8242
  9.7915    7.7267
  8.5553    1.7584
  9.2910    2.2718
  8.9186    2.0308
  9.5359    2.4115
  8.6180    5.2962
  8.5387    1.7443
  9.2431    2.2411
  9.2494    6.5496
  8.9846    5.9801
  9.1930    6.3929
  8.2355    1.5886
  9.1371    2.1792
  9.3220    6.6733
  9.5291    2.4341
  9.9644    2.7864
  8.0956    4.3803
  9.1321    6.2608
  9.7919    2.6430
  8.3752    4.8528
  9.5814    7.2252
  8.8430    5.6994
  8.1584    4.4916
  8.9223    5.8455
  9.5877    7.2573
  9.2250    2.1964
  8.8984    2.0037
  9.0049    2.0466
  8.9126    5.8315
  8.6301    1.8698
  9.8288    7.8177
  9.2587    2.2470
  8.9673    2.0275
  9.3203    2.2876
  9.4519    6.9682
  9.7133    7.5548
  8.8608    1.9743
  8.7869    1.9068
  8.8190    1.9628
  9.6597    2.5332
  9.1019    2.1497
  9.3312    2.3001
  8.4901    5.0322
  9.9436    8.1141
  8.6942    1.8579
  8.3679    4.7976
  9.8680    2.7231
  8.7174    5.4782
  8.3369    1.6667
  8.7797    1.8700
  8.1678    4.4730
  9.4805    7.0343
  8.7493    5.5667
  9.2196    2.2227
  8.5184    5.1167
  9.3594    6.7690
  8.5835    1.8043
  9.9422    8.1062
  8.9650    5.9446
  9.1339    2.1443
  8.5571    1.7816
  8.7853    5.6111
  9.1415    2.1785
  9.4253    6.9169
  9.9711    2.8153
  8.2265    4.5313
  9.2194    2.2512
  9.8149    2.6863
  8.0178    1.4578
  8.8806    1.9858
  9.5151    7.1022
  8.2433    1.5632
  9.6348    2.5262
  9.0617    2.0923
  9.6443    2.5351
  9.0613    6.1751
  8.3347    1.6255
  9.3970    6.8300
  9.1754    6.3965
  8.0621    4.3475
  8.2769    1.6144
  8.2200    4.5758
  8.9048    5.8100
  9.8571    7.8663
  9.4968    2.4197
  8.9350    2.0262
  8.3258    1.6172
  8.6399    5.3161
  8.2934    1.6184
  9.9545    8.0970
  9.0345    2.0616
  9.3867    6.8203
  9.2813    6.6041
  8.4199    4.8823
  9.9785    2.7979
  9.7790    2.6422
  9.2326    2.2377
  9.2036    2.1916
  9.8073    2.6699
  9.0850    2.0951
  9.1335    2.1380
  9.0011    5.9917
  8.3799    4.8807
  8.4727    1.7119
  9.8087    2.6698
  9.7407    7.6016
  8.7905    1.8696
  9.3419    6.7361
  8.3232    4.7685
  9.4827    7.0161
  8.1311    4.4346
  9.2831    2.2429
  8.9594    2.0155
  9.3878    2.3533
  8.6799    1.8322
  9.9057    8.0397
  8.7864    5.5709
  8.4983    5.0495
  9.9075    2.7221
  8.7024    5.4036
  9.6724    2.5391
  9.2789    2.2462
  8.6671    5.3713
  8.6582    1.8648
  8.0732    4.3528
  9.2085    6.4262
  9.5272    2.4568
  9.3732    6.7959
  9.0977    6.2163
  9.8547    7.9080
  9.7939    2.6321
  9.2824    2.2444
  8.4751    5.0222
  9.8642    7.9005
  8.5625    5.2121
  9.9558    2.8152
  9.5828    2.5054
  8.2365    4.6229
  8.5747    5.2022
  8.2236    1.5388
  9.9211    8.0334
  9.7150    2.5605
  8.3502    4.7880
  8.5445    1.7370
  9.8089    7.7954
  8.8434    5.7419
  9.5731    7.2408
  8.0786    4.3396
  9.9159    8.0505
  8.4370    5.0219
  8.5851    5.2248
  9.4397    2.3844
  8.1280    1.5564
  8.8060    5.6587
  8.1200    4.4313
  9.4100    6.8763
  8.0966    4.3933
  8.1936    1.5752
  9.5026    2.4002
  9.5447    7.1955
  9.2031    2.2094
  8.8301    5.6487
  8.1744    1.5298
  8.2575    4.6081
  8.0052    4.2439
  9.1297    2.1334
  8.7512    5.5186
  8.3694    1.6757
  8.0723    1.4666
  8.2265    1.5745
  8.8734    1.9587
  8.4261    4.9302
  9.2276    6.4634
  9.8177    7.7904
  8.1597    1.5299
  8.2198    4.5875
  8.6397    5.2950
  9.2306    2.2190
  9.1784    6.3542
  8.4930    5.0440
  9.1134    6.2238
  8.6066    1.7636
  9.0651    2.1295
  9.2809    6.5792
  8.5730    1.7822
  9.4183    6.9093
  8.0549    1.4665
  9.8062    2.6482
  9.4626    2.3897
  9.3090    6.6586
  9.9833    2.8164
  9.9474    2.7671
  8.3264    1.5835
  9.5207    7.1168
  9.8297    2.6751
  9.5307    2.4639
  8.7091    1.8664
  9.6672    2.5229
  9.2642    6.5392
  8.0611    4.3643
  9.2163    2.1879
  8.7166    1.8851
  9.4644    2.3201
  8.3074    1.6280
  9.8643    2.7071
  9.5890    2.4919
  9.3047    6.6427
  9.3979    2.3695
  8.4486    4.9659
  8.5634    5.1774
  8.8756    5.7380
  8.7815    1.9130
  9.0688    6.1484
  8.0179    1.4878
  8.8904    2.0071
  8.2057    4.5282
  8.8524    1.9872
  8.9780    2.0181
  9.1012    2.1273
  8.1915    1.5503
  8.3094    4.7029
  8.2050    1.5924
  8.7491    5.5435
  9.4318    6.9199
  9.4074    6.9025
  8.9353    2.0499
  8.1351    1.5235
  8.7723    5.5628
  8.9230    2.0196
  9.3451    2.3395
  8.2066    4.5654
  8.8473    5.7030
  8.3005    4.7267
  8.7683    1.9079
  8.5120    1.7234
  8.0733    1.4925
  9.9892    8.1765
  8.1832    1.5532
  8.7669    5.5610
  8.5895    1.7894
  8.2375    1.5632
  8.2274    4.6008
  8.4994    1.7321
  8.7524    5.5154
  8.9160    1.9924
  8.1882    1.5163
  9.8727    2.7122
  9.1382    6.3080
  8.6320    5.2892
  8.6334    1.8268
  9.4144    6.9113
  9.1165    6.2568
  8.6267    5.2568
  8.6151    5.2520
  9.5573    7.1727
  9.4748    7.0040
  8.4716    5.0546
  9.3965    6.8541
  8.2129    4.6027
  8.1527    1.5018
  9.9330    8.0641
  9.3853    2.3727
  9.4603    2.3582
  8.1529    1.5412
  9.8687    7.9548
  8.4330    4.9512
  8.6276    1.7954
  9.8130    2.6588
  8.0606    1.4605
  8.9008    2.0003
  8.4814    1.7185
  9.5059    2.4265
  8.4372    1.6584
  8.5739    5.1757
  9.9551    8.1235
  9.6715    2.5422
  9.1336    2.1777
  9.8730    2.6579
  8.1123    1.5132
  9.3628    2.3481
  9.8883    7.9815
  8.2733    4.6647
  9.5070    7.0874
  9.1360    6.3133
  8.8062    5.6388
  9.4655    6.9992
  9.1156    2.1443
  9.3220    6.6600
  8.5068    5.0585
  8.5086    1.7511
  9.4926    2.4354
  9.2705    6.5470
  9.4314    2.3648
  9.1887    6.3770
  9.0912    6.1876
  9.1429    6.3193
  8.6571    5.3806
  8.9459    2.0389
  9.6183    7.3135
  8.2027    1.5399
  8.1235    1.5258
  8.1679    4.4911
  9.6360    7.3638
  9.4737    6.9909
  9.4379    6.9277
  8.5475    5.1231
  9.5822    7.2287
  9.1309    6.2498
  8.1076    1.4754
  8.6213    5.2903
  9.6726    7.4347
  9.4959    7.0764
  9.5318    2.4575
  8.2678    1.5937
  9.2581    2.2488
  8.8201    5.6152
  9.8644    2.7341
  9.3800    2.3072
  8.6579    1.8404
  8.1977    1.5180
  8.7085    1.8390
  8.4426    1.6936
  8.8880    1.9578
  9.0251    6.0627
  9.2307    2.2343
  9.8569    2.6724
  9.6215    2.5494
  9.7558    2.6159
  8.1801    4.5347
  8.7395    1.8908
  9.8082    2.6590
  9.9215    8.0372
  9.6373    7.3998
  9.5410    7.1553
  9.3781    6.7969
  8.1456    1.5351
  8.8018    1.8973
  8.3628    1.6557
  9.3572    2.2824
  8.7452    5.5121
  9.8291    7.8456
  8.2329    4.5889
  9.5690    7.2405
  8.2354    1.5821
  8.4230    1.6902
  8.8548    1.9695
  8.2742    1.5984
  8.8067    5.6140
  9.4745    7.0094
  9.2055    2.2106
  8.2543    4.6237
  8.6097    1.8296
  8.7254    1.8878
  8.3571    1.6802
  9.6631    7.4551
  8.7043    5.4325
  9.5441    2.4745
  8.3381    1.6177
  8.6548    5.3296
  8.5077    5.1112
  8.0433    4.2694
  8.3474    4.7865
  9.3754    6.8061
  9.0736    6.1440
  9.4979    2.4248
  9.5582    7.1965
  9.4558    2.3843
  9.7082    2.6064
  9.8257    2.6688
  8.1337    4.4094
  8.1948    4.5637
  8.3252    4.7934
  8.8587    5.7219
  9.0177    2.1141
  9.8739    7.8991
  8.4449    4.9768
  9.1258    6.2807
  8.8479    5.7379
  8.7917    5.6056
  9.8984    2.7533
  9.1423    6.2746
  8.2517    4.6367
  9.5738    7.1881
  9.1371    6.2918
  9.8128    7.7890
  8.7284    1.8584
  8.0640    4.3226
  8.0478    1.4393
  9.6895    2.5878
  8.6489    5.3606
  8.8976    2.0091
  9.5958    2.5300
  9.7729    7.7079
  8.6504    5.3212
  8.4498    4.9746
  8.5421    5.1631
  8.0369    1.4954
  9.3459    2.3186
  8.7646    5.5549
  9.4109    2.3691
  8.0544    1.4850
  8.7123    1.9215
  8.7527    5.5369
  8.0998    1.5015
  8.3062    4.6991
  8.8490    1.9824
  8.4040    1.6951
  8.7259    1.8883
  8.1251    4.4372
  9.5489    2.4289
  8.7657    1.9244
  8.5185    5.0859
  8.5257    1.7317
  8.4673    1.7145
  9.2941    6.6245
  9.9622    2.7684
  9.2814    2.2602
  9.6378    2.5224
  9.8481    2.7032
  8.4006    1.6603
  8.4384    4.9669
  8.8568    5.7443
  8.3154    4.7340
  8.3274    1.6465
  8.3657    4.8381
  9.9422    2.7832
  9.5729    2.4655
  9.9509    8.0985
  9.5747    2.4880
  8.1578    1.5357
  9.9901    8.2099
  8.5789    1.7737
  8.8887    1.9886
  9.3408    6.7418
  8.8828    1.9324
  8.1581    1.5305
  9.0315    2.0757
  9.3728    6.7789
  8.2748    1.5976
  8.5370    1.7766
  8.3978    4.8681
  8.3561    4.8406
  8.7596    5.5314
  9.6146    7.3487
  9.2926    6.5630
  9.3497    2.2822
  9.9058    2.7522
  8.2767    1.6211
  9.8656    7.9257
  9.5664    2.4808
  9.5420    7.1524
  9.5102    7.0915
  9.5329    2.4366
  9.4893    7.0583
  9.4321    6.9096
  8.3143    4.7553
  8.1768    4.4932
  8.3597    4.8036
  8.5569    5.1786
  9.1576    2.1505
  9.6496    7.4193
  9.9450    8.0953
  9.9477    8.1404
  8.6999    1.8604
  8.4556    4.9858
  9.7951    2.6558
  9.1136    2.1526
  9.3266    6.6769
  8.5179    5.1048
  8.0092    4.2375
  8.5910    1.8022
  9.1960    2.2455
  9.1027    2.0880
  9.1403    2.1466
  9.0022    2.0575
  8.9476    2.0447
  9.3384    2.3441
  9.9322    8.0836
  9.3924    2.3187
  9.1993    2.1712
  8.6003    5.2602
  9.8613    7.9046
  8.2320    1.5515
  8.0077    1.4607
  8.4286    4.9587
  9.1474    6.3069
  8.7169    1.8464
  8.5361    1.7383
  8.3077    4.7359
  8.7368    1.8856
  9.0229    6.0425
  9.2134    2.2057
  8.3727    4.8256
  9.2110    6.4514
  9.2797    2.2737
  9.6317    7.3329
  8.7508    5.5637
  9.5939    2.4859
  8.3101    1.6194
  9.2918    6.6091
  8.4673    1.7075
  8.8128    5.6398
  8.4108    4.8864
  8.0328    1.4341
  9.7164    7.5632
  8.1157    1.5290
  9.9866    2.8385
  9.9905    2.8238
  8.2942    1.6470
  9.1569    2.1944
  8.4746    1.7038
  8.5226    5.0978
  9.7331    2.6110
  9.6556    2.5597
  9.9746    8.1919
  9.1135    6.1830
  9.2773    2.2443
  8.4447    1.7021
  9.6291    7.3436
  8.5079    5.1022
  8.0283    4.2941
  9.8858    7.9775
  9.5488    2.4569
  8.4994    1.7250
  8.8304    5.6758
  8.7396    1.8899
  8.8235    5.6383
  9.2872    6.5951
  9.4522    2.3939
  8.7685    1.8952
  8.5514    5.1292
  9.7217    7.5609
  8.5546    5.1654
  8.3430    4.7910
  9.6499    7.3856
  8.0579    4.3473
  8.2630    4.6309
  9.5380    2.4746
  8.0238    4.2596
  9.7083    2.6057
  8.0314    1.4755
  9.9705    2.8333
  8.8791    1.9458
  9.0519    6.1609
  9.3986    6.8228
  8.9635    5.9031
  8.8121    1.9206
  8.5258    5.0905
  8.1897    1.5635
  9.2479    6.5199
  8.0514    1.4713
  8.8009    5.6308
  9.9736    8.1761
  9.4833    2.4209
  8.5487    5.1411
  9.3160    6.6272
  9.8885    7.9572
  9.8066    2.6431
  8.5219    1.7555
  9.6822    7.5060
  9.4029    6.8446
  9.8806    2.7448
  8.8197    5.6410
  9.1130    6.2289
  8.7654    1.8742
  9.6690    2.5321
  8.6057    5.2814
  9.5630    7.1853
  9.2349    6.4835
  9.1807    2.1967
  8.4704    5.0032
  8.8956    5.8092
  8.7989    1.9317
  8.6976    5.4128
  8.3424    1.6474
  9.2358    2.1887
  9.1715    2.1710
  8.3041    4.7195
  8.3038    1.6332
  9.7067    7.5610
  9.3300    6.6878
  8.5124    5.0706
  9.3875    2.3148
  8.4892    5.0222
  9.7173    7.5615
  9.9434    2.8107
  8.9627    2.0482
  8.7952    1.9048
  8.2639    1.5983
  8.1302    1.4947
  9.7918    7.7262
  8.1962    4.5233
  9.5706    2.4772
  8.4939    5.0142
  8.0685    1.4972
  9.4602    6.9704
  9.6003    2.4996
  8.9143    5.8572
  9.6170    7.3115
  9.3394    2.2756
  9.9726    2.7917
  8.9174    5.8829
  8.8316    5.6960
  8.5826    1.7812
  9.2445    2.2098
  9.0432    6.0651
  9.1178    6.3061
  9.6809    7.4590
  9.5860    2.4666
  8.1024    4.4203
  9.6353    2.5204
  9.6908    7.4855
  8.6247    5.3219
  9.0961    2.1212
  9.6734    2.5705
  8.1309    4.4069
  8.6481    5.2995
  9.1688    2.1999
  8.4789    5.0466
  9.3796    6.8248
  8.9343    5.8941
  8.2438    1.5763
  9.9322    8.0943
  9.1006    6.1943
  8.4912    1.7343
  8.2023    4.5438
  9.6555    7.4284
  9.2194    2.2580
  8.5524    1.7672
  8.7691    5.5592
  9.5562    2.4860
  8.1507    4.4347
  8.0166    4.2378
  8.2127    1.5672
  8.6840    5.4183
  9.1980    2.2405
  8.1658    4.5127
  9.5730    2.4585
  9.2098    2.2311
  8.2395    1.5871
  8.0619    4.2931
  9.3348    6.7122
  9.6242    2.5022
  9.1629    6.3500
  9.4096    2.3711
  8.0395    4.2778
  8.0197    1.5182
  8.7335    5.5058
  8.6048    5.2694
  9.7698    7.6841
  9.6981    7.5221
  8.6875    1.8517
  9.1470    6.3094
  8.7126    1.8788
  9.9150    2.7489
  9.4594    6.9771
  8.0333    4.2605
  8.0779    1.4981
  8.6601    5.3348
  9.8979    2.7722
  8.4095    4.8919
  8.3384    1.6724
  9.8584    7.9107
  9.8890    2.7251
  8.4048    1.6689
  8.6997    5.4492
  9.8583    7.9382
  8.7594    1.9121
  8.4055    1.6892
  8.7194    1.8961
  8.9256    5.8719
  9.6486    2.5429
  9.0521    6.1521
  9.6280    2.4889
  9.1342    6.2734
  9.0419    2.0939
  9.0062    6.0305
  9.1098    6.2194
  9.1878    6.4018
  8.5796    1.7678
  8.5516    1.7647
  8.2215    4.6050
  9.9448    2.7831
  8.4749    1.7358
  9.7681    7.6806
  8.5002    1.7297
  9.5866    2.4639
  9.4568    6.9854
  9.5293    2.4419
  8.7699    5.5294
  8.7644    5.5635
  9.2577    2.2747
  8.9774    5.9370
  9.4989    2.3957
  9.1038    2.1643
  8.0824    4.3505
  9.8076    7.7492
  9.2991    2.2771
  8.4803    1.7778
  8.7281    1.8909
  9.8431    2.6867
  8.5584    1.8089
  8.0142    4.2336
  9.7812    2.6470
  8.9467    2.0079
  9.6936    7.5140
  9.0104    2.1161
  8.4132    1.6768
  9.3586    6.7540
  8.1152    1.5003
  9.6397    2.5416
  8.5033    1.7511
  8.7617    5.5234
  9.2309    6.4977
  8.9663    2.0039
  8.2403    4.6291
  8.4481    4.9875
  9.8387    7.8407
  8.2431    4.6439
  8.0604    1.4625
  8.1426    1.5153
  8.4264    4.9481
  9.8242    7.8519
  8.0327    1.4670
  8.2700    1.5722
  8.8725    5.7502
  8.8149    5.6623
  8.5576    5.1698
  8.3664    4.8463
  9.5076    7.1091
  8.6543    1.8719
  9.5689    2.4929
  9.6878    2.5306
  9.4176    2.3588
  8.1559    4.4706
  8.5775    5.1974
  8.9438    5.8853
  8.5066    1.7266
  8.2370    1.6007
  9.3294    6.6990
  8.3082    1.5862
  8.3273    4.7643
  8.8126    5.6640
  9.6290    2.5598
  8.6615    1.8384
  9.5088    7.0775
  8.1318    1.5084
  9.0055    6.0264
  9.3608    2.2909
  8.0076    4.2261
  9.3545    2.2857
  8.4184    1.6617
  8.3978    1.6691
  8.9462    5.9086
  9.1666    2.1831
  8.5986    1.7999
  9.1881    6.3826
  8.3278    1.6367
  8.9012    2.0143
  8.4867    5.0342
  9.3192    6.7413
  9.5421    2.4549
  9.7353    7.5976
  8.5263    1.7794
  8.1652    1.5106
  8.5268    1.7512
  9.3856    2.3488
  8.9273    5.8342
  9.8920    8.0075
  9.5489    7.1878
  8.4061    4.8771
  8.8686    1.9546
  9.2212    2.1966
  8.1182    1.4718
  9.1619    2.1906
  9.5379    2.4371
  9.2527    2.2406
  8.1246    4.4157
  9.1630    6.2998
  9.3026    2.2897
  9.1697    2.1833
  8.3199    1.6340
  9.3366    2.3090
  8.2182    1.5548
  9.9978    8.2438
  9.2713    6.5845
  8.5421    1.7599
  9.0936    2.1434
  8.3922    1.6390
  8.4364    4.9547
  8.7651    1.8948
  8.0377    1.4786
  8.4706    1.6914
  8.8031    5.6807
  8.7904    5.6110
  9.8579    2.7111
  9.5603    7.1973
  8.3503    4.7963
  8.2313    4.5857
  9.6145    7.3559
  8.2751    1.6128
  9.1779    2.1587
  8.3621    1.6473
  8.1041    4.4056
  8.5418    1.7528
  9.5549    2.4625
  8.0310    4.2637
  9.1606    6.3617
  9.5725    2.4575
  8.2121    1.5639
  9.6873    2.5474
  8.3222    4.7628
  8.6034    5.2824
  9.5958    7.2913
  8.6331    5.3216
  9.0784    6.1887
  8.8844    5.7718
  8.9492    5.9142
  9.7091    2.6201
  8.2752    1.5480
  9.7783    2.6577
  8.9832    5.9747
  9.4099    6.8735
  8.1670    1.5778
  8.8125    5.6503
  9.4433    2.3691
  8.3489    4.7590
  9.3980    6.8466
  8.8644    1.9898
  8.7870    5.6036
  9.8782    7.9386
  8.4651    1.6825
  9.8565    7.9117
  8.3273    4.7824
  8.0907    4.3392
  9.0959    2.1590
  9.5104    2.4262
  8.2985    4.7848
  9.0739    6.1341
  8.1873    4.5324
  9.4134    6.8580
  8.5239    5.0981
  8.9847    5.9881
  9.7261    7.6039
  8.6644    5.3728
  9.7952    2.6432
  8.0930    4.3453
  8.1006    1.4585
  9.8780    2.6945
  9.4886    2.4400
  9.2539    6.5172
  8.0425    1.4400
  9.7688    7.7070
  9.0290    6.0726
  8.7738    5.6004
  8.9685    2.0412
  9.5147    2.4160
  9.8804    2.7261
  8.4362    4.9233
  9.8380    2.7010
  8.9103    1.9843
  9.2571    6.5557
  9.6594    7.4302
  9.5941    7.2866
  9.9384    2.7875
  8.9112    2.0095
  8.6556    1.8162
  8.6584    1.8438
  8.5715    1.7878
  8.8924    1.9941
  8.2425    1.5302
  9.4261    6.9003
  9.0016    2.0500
  9.0974    2.1351
  8.1313    1.4943
  8.0557    4.3051
  9.3622    2.3716
  8.2954    4.6901
  8.6391    1.8303
  8.4588    4.9548
  9.5187    2.4488
  9.7601    7.6871
  8.6947    1.8331
  8.9834    2.0156
  8.3568    4.8390
  9.1190    6.2475
  8.3615    1.6535
  9.9781    2.7970
  8.6236    5.2788
  8.7407    1.8560
  8.5191    5.1498
  9.7074    7.5294
  9.8934    7.9800
  9.0409    6.0669
  8.3236    4.7569
  9.4581    6.9894
  9.1328    2.1510
  8.6887    1.8462
  9.9129    2.7428
  8.8644    1.9728
  9.1012    2.1108
  8.7709    5.5441
  8.4428    1.6794
  8.2025    1.5655
  8.4069    1.6669
  8.8687    5.7258
  8.0634    4.3052
  8.7668    5.5353
  8.0737    4.3320
  9.7049    2.6083
  8.2144    1.5825
  9.4616    6.9717
  9.9708    8.1770
  8.1561    1.5463
  9.1928    6.4022
  8.4216    1.6713
  8.3928    1.7015
  9.8174    7.8085
  9.9679    2.7828
  8.8205    1.9379
  8.0080    4.2486
  8.2313    4.6169
  8.3746    1.6580
  8.5038    1.7291
  8.7597    1.9251
  9.1091    2.1359
  8.6439    5.3477
  8.5256    1.7862
  8.2336    4.6416
  8.1859    4.5321
  9.4399    2.3759
  9.9482    8.1353
  8.2066    1.5768
  9.1823    6.3919
  8.6059    5.2990
  9.3263    6.6817
  9.4333    2.3575
  9.8146    2.7057
  9.5996    7.2837
  9.5566    2.4382
  8.9654    2.0151
  8.3680    1.6844
  8.2343    1.5666
  8.1887    4.5177
  8.5591    5.1374
